The probing time is:
568
308
308
308
294
532
322
406
308
322
308
308
322
308
322
308
308
322
308
322
308
294
308
308
560
308
322
364
308
308
322
350
378
266
308
322
308
434
434
322
336
448
434
476
308
308
308
308
308
308
322
616
322
322
308
308
532
322
350
336
308
308
308
308
308
336
308
322
308
378
350
364
378
448
322
350
322
560
406
476
308
322
462
308
308
490
350
308
322
308
322
308
420
322
308
322
308
308
420
308
322
308
308
350
322
322
308
378
322
336
322
308
308
322
308
308
364
364
322
322
308
308
322
336
686
420
322
350
322
406
308
308
392
476
364
308
308
308
308
322
308
322
322
308
308
308
308
308
308
364
308
308
392
406
322
560
308
308
336
350
322
308
308
350
364
322
322
308
308
378
308
308
308
322
392
350
308
308
350
518
308
364
308
322
364
406
308
546
336
266
322
350
546
308
308
308
308
308
308
350
322
322
322
322
322
504
322
322
630
308
308
308
322
630
308
322
322
350
322
308
308
308
322
308
322
308
322
322
308
322
308
308
322
308
308
308
308
350
308
322
322
308
308
308
308
308
364
308
308
308
308
308
308
308
