90538
23184
19516
19250
18774
18662
18578
18732
18816
18620
18578
18564
19068
18774
18928
18690
18550
18312
18634
18410
18452
18662
18746
31794
18802
18900
18452
18536
18620
18592
18690
18704
18634
18662
18508
18508
18550
18718
18382
18746
18438
18508
18508
18536
18424
18648
18788
32816
19292
18816
18746
18914
18424
18396
18466
18704
18536
18648
18634
18704
18550
18508
18480
18424
18634
18592
18564
18578
18466
18508
27426
18690
18438
18648
18578
18564
18480
18452
18508
18732
18438
18354
18396
18368
18396
18452
18452
18438
18732
18284
18396
18592
18410
27146
18984
18494
18452
18774
18396
18536
18522
18494
18774
18676
18508
18578
18522
18452
18494
18508
18424
18676
18536
18494
18536
18830
18410
18550
27146
18452
18662
18578
18620
18522
18466
18354
18354
18648
18466
18564
18508
18872
18438
18438
18396
18424
18606
18466
18550
18606
26824
18690
18536
18662
18424
18816
18830
18592
18466
18424
18494
18536
18508
18438
18438
18396
18396
18466
18438
18452
18508
18284
18396
18438
26950
18956
18928
18718
18564
18704
18382
18494
18508
18508
18648
18676
18536
18634
18550
18536
18494
18508
18438
18802
18564
18536
18536
27048
18746
18578
18662
18298
18676
18550
18480
18550
18550
18424
18368
18592
18508
18592
18578
18704
18508
18564
18452
18438
18676
18494
18592
28056
18928
18550
18564
18592
18396
18760
18536
18522
18550
18480
18634
18732
18508
18564
18466
18368
19306
18690
18480
18494
18578
18368
18494
26656
18676
18858
18746
18564
18508
18732
18424
18508
18620
18578
18704
18662
18634
18620
18550
62524
20720
18844
18536
18844
